100
8.4363176934
4.6658238489
2.8749298708
8.0106984604
9.8860239778
8.0806776602
5.0409867958
1.8169857809
9.7047065458
4.7961094836
11.0480793316
5.1042071643
0.61672324
1.8027344376
5.0409076777
4.6421438165
0.1744137957
9.6341445864
0.2798555397
4.0512640171
3.7724244233
4.0289286122
2.8144947865
-0.8499392119
6.8236544121
3.5649197105
2.5360756022
3.264997546
5.5699978334
4.593945579
2.644552962
10.9197669983
6.9390202584
7.0927006183
4.038493913
6.4698361588
9.8334916166
4.2047170242
7.5598331588
0.9612152637
7.8174454177
5.3721286036
5.6484699796
7.1805177713
2.8414252414
6.6283938176
3.796897601
3.7830819833
8.4985960073
4.6805495112
3.7353226077
5.7825476373
3.7830628881
-0.5080420059
5.5377917351
7.614652293
9.193827688
4.3804742768
0.2157047121
4.7950260895
6.1071534148
7.0022877456
2.3536674433
1.6611156488
8.9246803308
3.1837883646
6.990727357
6.3859609968
3.6384842756
5.826161065
5.942750824
-2.1123799121
5.7464678533
8.1765070537
4.6686287009
9.5560505584
5.3809889411
-1.1496285839
4.2197546669
0.757180466
11.3545020361
5.464438205
5.8043940974
8.0469368886
5.0522444345
6.2602548955
4.1629579936
4.1572104511
0.2329740323
6.3213482236
5.499043421
1.9589520936
4.1562713481
5.2479499714
4.627134764
5.4433311538
3.4654846678
5.2640725777
0.5320347137
5.5680365608

